0.776
0.96
0.92
0.96
0.92
0.92
0.936
0.92
0.888
0.92
0.904
0.912
0.92
0.928
0.936
0.904
0.928
0.912
0.952
0.76
0.952
0.92
0.944
0.912
0.904
0.944
0.904
0.888
0.912
0.896
0.896
0.912
0.912
0.944
0.896
0.928
0.904
0.944
0.776
0.96
0.92
0.952
0.912
0.92
0.928
0.912
0.904
0.936
0.904
0.92
0.92
0.936
0.928
0.904
0.92
0.92
0.96
0.768
0.96
0.92
0.952
0.912
0.912
0.936
0.912
0.888
0.92
0.896
0.904
0.912
0.92
0.936
0.904
0.928
0.912
0.952
0.768
0.952
0.92
0.944
0.912
0.912
0.944
0.904
0.896
0.92
0.896
0.896
0.92
0.92
0.944
0.896
0.928
0.912
0.952
